-20130317005017
-20130317005026
-20130317012227
-20130317012307
-20130317012336
-20130317012353
-20130317012414
-20130317012418
-20130317012433
-20130317012435
-20130317012440
-20130317012443
-20130319183807
-20130320193954
-20130320194004
-20130320194051
-20130320194113
-20130320194154
-20130320194159
-20130320194211
-20130320194231
-20130320194341
-20130320194348
-20130320194418
-20130320194434
-20130320194543
-20130320194553
-20130320194628
-20130320194640
-20130320194936
-20130320194942
-20130320194956
-20130320195001
-20130320195015
-20130320195033
-20130320195109
-20130320195200
-20130320195209
-20130320195235
-20130320195307
-20130320195319
-20130320195326
-20130320195339
-20130320195342
-20130320195359
-20130320201200
-20130428205826
-20130428210017
-20130428210230
-20130531223459
-20130630015134
-20130630020233
-20130630020240
-20130630022815
-20130630022821
